 
 Re		=	   157.000000000000     
 x0		=	  -4.00000000000000     
 xl		=	   8.00000000000000     
 y0		=	  -5.00000000000000     
 yl		=	   8.00000000000000     
 z0		=	  -5.00000000000000     
 zl		=	   8.00000000000000     
 
 nx		=	         241
 ny     	=                241
 nz             =                241
 ms		=	           1
 ns1     	=                 64
 ns2            =                128
 dx     	=         3.319502074688797E-002
 dy     	=         3.319502074688797E-002
 dz             =         3.319502074688797E-002
 dalfa10	=         9.817477042468103E-002
 dalfa11        =         4.833219467061220E-002
 dalfa20        =         4.908738521234052E-002
 
 icfl           =                  1
 cflc           =         0.500000000000000     
 cflv           =         0.500000000000000     
 nstart		=	           1
 nend		=	        3000
 nstep  	=               3000
 tstart		=	  0.000000000000000E+000
 tend		=	   9.87341437160032     
 dtcfl		=	  3.927000000000000E-003
 dtfix          =         1.000000000000000E-002
 
 isingular     	=                  1
 imove		=                  1
 
 total time     =          86.6451128472222       hours
 -- beginning time --
 Date: 20101006
 Time: 13:44:30
 -- ending time --
 Date: 20101006
 Time: 19:25:59
